%YAML:1.0
---
opencv_lbphfaces:
   threshold: 50.
   radius: 2
   neighbors: 2
   grid_x: 7
   grid_y: 7
   histograms:
      - !!opencv-matrix
         rows: 1
         cols: 196
         dt: f
         data: [ 1.20748304e-01, 3.71315211e-01, 2.84580499e-01,
             2.23356009e-01, 1.98979601e-01, 2.31292516e-01,
             2.89682537e-01, 2.80045360e-01, 1.21882088e-01,
             2.76077092e-01, 3.93424034e-01, 2.08616778e-01,
             1.80272117e-01, 3.72448981e-01, 1.33219957e-01,
             3.14058959e-01, 2.19954655e-01, 1.71201810e-01,
             1.82539687e-01, 4.26303864e-01, 2.34126985e-01,
             1.46258503e-01, 2.05782309e-01, 4.13832217e-01,
             2.44331062e-01, 1.41723365e-01, 2.18253970e-01,
             3.95691603e-01, 1.12244897e-01, 4.26303864e-01,
             2.11451247e-01, 2.50000000e-01, 2.03514740e-01,
             3.78117919e-01, 7.99319744e-02, 3.38435382e-01,
             1.75170064e-01, 2.73242623e-01, 2.75510222e-01,
             2.76077092e-01, 1.15646258e-01, 4.41043079e-01,
             2.53401369e-01, 1.89909294e-01, 2.09750563e-01,
             2.17120185e-01, 1.75736964e-01, 3.97392303e-01,
             2.33560100e-01, 1.76303864e-01, 1.91043094e-01,
             3.99092972e-01, 2.47732431e-01, 1.36054426e-01,
             2.02947855e-01, 4.13265318e-01, 1.44557819e-01,
             2.82879829e-01, 3.65646273e-01, 2.06916109e-01,
             1.44557819e-01, 4.33673471e-01, 1.99546486e-01,
             2.22222224e-01, 1.59297049e-01, 3.42403620e-01,
             2.95351475e-01, 2.02947855e-01, 1.66666672e-01,
             2.92517006e-01, 2.99886614e-01, 2.40929708e-01,
             2.00680271e-01, 3.15192759e-01, 1.57596380e-01,
             3.26530606e-01, 2.42630392e-01, 1.59297049e-01,
             2.08616778e-01, 3.89455795e-01, 2.25056693e-01,
             1.31519273e-01, 2.43197277e-01, 4.00226772e-01,
             1.97278917e-01, 2.43197277e-01, 3.19160998e-01,
             2.40362808e-01, 1.36054426e-01, 4.15532887e-01,
             2.28458047e-01, 2.19954655e-01, 1.38321996e-01,
             4.54648525e-01, 2.60770977e-01, 1.46258503e-01,
             1.60997733e-01, 2.22222224e-01, 3.33333343e-01,
             2.83446729e-01, 1.63832203e-01, 4.02494341e-01,
             1.88775510e-01, 2.44897962e-01, 2.44331062e-01,
             1.58163264e-01, 2.18820870e-01, 3.78684819e-01,
             2.70975053e-01, 1.41156465e-01, 1.85374156e-01,
             4.02494341e-01, 1.42290249e-01, 3.63378704e-01,
             2.45464861e-01, 2.48866215e-01, 1.01473927e-01,
             4.20634925e-01, 3.14625859e-01, 1.63265303e-01,
             1.45124719e-01, 4.50680286e-01, 2.16553286e-01,
             1.87641725e-01, 1.77437648e-01, 1.32086173e-01,
             3.71315211e-01, 3.19160998e-01, 1.40022680e-01,
             4.79591846e-01, 1.90476194e-01, 1.89909294e-01,
             2.43197277e-01, 1.54761910e-01, 2.18253970e-01,
             3.83786857e-01, 2.45464861e-01, 1.60997733e-01,
             2.15419501e-01, 3.78117919e-01, 9.97732431e-02,
             5.03968239e-01, 2.05215424e-01, 1.91043094e-01,
             1.16780050e-01, 3.41836751e-01, 3.65646273e-01,
             1.75736964e-01, 1.64965987e-01, 3.34467113e-01,
             3.11791390e-01, 1.88775510e-01, 1.59863949e-01,
             1.54761910e-01, 3.72448981e-01, 3.12925160e-01,
             1.55328795e-01, 4.35374141e-01, 1.97845802e-01,
             2.11451247e-01, 2.20521539e-01, 3.16326529e-01,
             2.10317463e-01, 2.52834469e-01, 1.89909294e-01,
             3.46938789e-01, 2.24489793e-01, 2.38662139e-01,
             1.28684804e-01, 3.19727898e-01, 3.34467113e-01,
             2.17120185e-01, 1.38321996e-01, 5.11337876e-01,
             1.59863949e-01, 1.90476194e-01, 1.34353742e-01,
             3.33333343e-01, 3.30498874e-01, 2.01814055e-01,
             1.67800456e-01, 3.06689352e-01, 2.97619045e-01,
             2.27891162e-01, 1.71201810e-01, 4.14399087e-01,
             1.38321996e-01, 2.76077092e-01, 1.52494326e-01,
             3.38435382e-01, 3.21428567e-01, 1.87641725e-01,
             1.86507940e-01, 3.01587313e-01, 2.91383237e-01,
             2.20521539e-01 ]
      - !!opencv-matrix
         rows: 1
         cols: 196
         dt: f
         data: [ 1.47959188e-01, 2.80045360e-01, 3.27664405e-01,
             2.44331062e-01, 1.80839002e-01, 2.95918375e-01,
             2.38095239e-01, 2.85147399e-01, 1.49659872e-01,
             3.07823122e-01, 3.35600913e-01, 2.06916109e-01,
             1.38321996e-01, 4.05895710e-01, 1.77437648e-01,
             2.78344661e-01, 2.11451247e-01, 1.97278917e-01,
             2.05782309e-01, 3.85487527e-01, 2.32993200e-01,
             1.59297049e-01, 2.12018147e-01, 3.95691603e-01,
             2.67006814e-01, 1.28117919e-01, 1.94444448e-01,
             4.10430849e-01, 1.62131518e-01, 3.23696136e-01,
             2.46031746e-01, 2.68140584e-01, 2.09183678e-01,
             3.36167812e-01, 9.29705203e-02, 3.61678004e-01,
             1.66099772e-01, 3.03854883e-01, 2.65306115e-01,
             2.64739245e-01, 1.50793657e-01, 2.86848068e-01,
             3.23696136e-01, 2.38662139e-01, 2.29591846e-01,
             2.13151932e-01, 1.65532887e-01, 3.91723365e-01,
             2.21655339e-01, 1.49659872e-01, 1.96712017e-01,
             4.31972802e-01, 2.38095239e-01, 1.62698418e-01,
             2.09750563e-01, 3.89455795e-01, 1.24716558e-01,
             2.96485275e-01, 3.81519288e-01, 1.97278917e-01,
             1.12811796e-01, 4.64285731e-01, 2.64172345e-01,
             1.58730164e-01, 9.86394584e-02, 4.38208610e-01,
             3.00453514e-01, 1.62698418e-01, 1.47959188e-01,
             1.87074825e-01, 4.43310678e-01, 2.21655339e-01,
             2.07482994e-01, 2.85714298e-01, 1.63265303e-01,
             3.43537420e-01, 2.52267569e-01, 1.38321996e-01,
             2.10317463e-01, 3.99092972e-01, 2.47165531e-01,
             1.55895695e-01, 1.97845802e-01, 3.99092972e-01,
             1.67800456e-01, 2.73809522e-01, 3.02154213e-01,
             2.56235838e-01, 1.47959188e-01, 4.39342409e-01,
             2.00113386e-01, 2.12585032e-01, 1.63832203e-01,
             4.05895710e-01, 1.57596380e-01, 2.72675753e-01,
             1.35487527e-01, 2.50566900e-01, 4.34807271e-01,
             1.79138318e-01, 2.22789124e-01, 2.43764177e-01,
             1.92176878e-01, 3.41269851e-01, 2.48299330e-01,
             1.57029480e-01, 2.06916109e-01, 3.87755096e-01,
             2.29024947e-01, 1.55328795e-01, 2.32426301e-01,
             3.83219957e-01, 1.61564633e-01, 3.71882081e-01,
             1.67800456e-01, 2.98752844e-01, 1.28684804e-01,
             3.44104320e-01, 3.67346942e-01, 1.59863949e-01,
             1.36054426e-01, 5.05668938e-01, 1.08276643e-01,
             2.50000000e-01, 1.17913835e-01, 1.83673471e-01,
             4.82993215e-01, 2.15419501e-01, 1.89909294e-01,
             3.58276635e-01, 2.08616778e-01, 2.43197277e-01,
             2.40929708e-01, 1.84807256e-01, 2.14852616e-01,
             3.59410435e-01, 2.04648525e-01, 2.50000000e-01,
             2.20521539e-01, 3.24829936e-01, 1.63832203e-01,
             3.66213143e-01, 2.25623593e-01, 2.44331062e-01,
             1.09410435e-01, 3.72448981e-01, 3.34467113e-01,
             1.83673471e-01, 1.60430849e-01, 3.15759629e-01,
             3.21428567e-01, 2.02380955e-01, 1.21882088e-01,
             1.38888896e-01, 4.71088439e-01, 2.68140584e-01,
             1.28117919e-01, 4.38775510e-01, 2.40362808e-01,
             1.92743763e-01, 1.88775510e-01, 3.57709765e-01,
             2.65873015e-01, 1.87641725e-01, 1.81972787e-01,
             3.40702951e-01, 2.55102038e-01, 2.22222224e-01,
             1.43424034e-01, 3.32766443e-01, 2.85714298e-01,
             2.38095239e-01, 1.24716558e-01, 5.06802738e-01,
             1.54761910e-01, 2.13718817e-01, 1.25850335e-01,
             3.55442196e-01, 3.46371889e-01, 1.72335610e-01,
             1.73469394e-01, 2.26190478e-01, 3.54875296e-01,
